1014
1028
1572
1794
1529
2528
827
820
1294
874
837
844
856
870
888
892
966
973
970
985
1008
1019
1400
839
1805
1809
990
1876
1277
1353
1696
1875
2366
1633
1820
2478
1634
1637
2413
1714
2372
2376
829
2389
1719
2398
1502
2392
847
2393
2397
849
2396
865
2402
2418
2419
901
2423
904
2425
1522
2433
1726
2448
2463
2464
1730
2466
2470
1674
2472
1570
2469
1731
2474
2467
1676
2475
979
2489
1733
2482
2494
2495
2491
2496
2497
993
2502
991
1017
2518
2519
2523
2524
1026
2529
2538
1896
1883
2379
2446
981
1467
2377
894
1692
2460
1685
1700
1735
1576
1575
1877
817
921
994
1597
1605
927
1030
1812
1438
1599
1443
1643
2374
1495
2375
1284
1444
2380
1601
1289
2387
1445
2391
2399
2400
1649
1651
1736
1737
2422
1505
1721
1722
1520
2432
1659
2434
1523
2435
1524
2437
2415
2416
1724
2534
2449
2450
1357
1608
1536
953
1666
1688
1578
1821
1573
2483
1704
1683
1471
2498
1475
2514
1580
2504
1741
1739
1740
1584
1610
1702
1611
1482
1705
1494
853
1511
1512
1517
1582
1708
1451
1452
1463
1477
2484
2386
2493
1716
1727
1728
1734
1743
1281
840
2427
1397
2515
816
832
934
2569
960
1498
834
1503
1508
899
2360
1519
1518
943
1568
1669
1574
1022
1483
1796
1797
1799
1800
1802
1803
890
902
1815
1814
1816
1817
1818
944
1819
954
955
1822
1823
1021
1825
1826
923
940
1879
1432
1655
1410
1497
1878
1880
891
1806
1338
1795
1881
951
1283
978
984
2420
1521
1531
2481
1528
1577
1581
2500
1591
1592
859
2426
1711
1607
2451
1824
1729
2368
1446
1290
1586
1567
1334
885
2409
1653
1515
1533
945
2457
1699
1466
1469
1470
1710
1882
1272
1650
1336
1664
1689
1703
1707
2401
2535
989
1603
908
932
2371
929
830
1447
2046
857
2045
2047
2048
2049
1327
1527
935
1013
1828
895
2443
1813
831
1660
1668
1273
2455
2459
1464
2477
1465
1472
2511
2512
2533
1829
1025
1930
1929
1807
855
925
1695
1742
931
2394
1439
1441
1630
1638
819
1280
2373
2383
2417
873
2406
2407
2408
1306
2411
898
1449
918
2430
1455
2440
2444
2447
938
1345
1461
1691
2501
1478
1479
1706
2531
2532
846
1023
1038
950
2487
1606
1609
876
1891
1892
1893
1894
1895
1897
1899
1901
1902
1904
1906
1908
1909
1910
1911
1912
1913
1457
1915
1916
1917
1918
1919
1920
1921
1922
1923
1924
1927
1925
1926
1931
1933
1932
1934
1009
1012
1935
1938
1939
1940
1941
1942
1943
1944
1626
1629
1632
1635
1636
1640
1275
1641
818
1644
821
825
1642
1286
1645
842
836
1631
1646
854
848
851
852
1715
862
869
867
875
878
880
887
1309
889
893
897
903
1654
910
1656
916
920
1658
928
930
939
1344
946
952
2414
958
2473
1677
1673
1681
988
997
1000
1003
996
881
1024
1034
1429
1434
2439
1027
1031
